Коэффициенты полинома:
[ 1.22676961e-17 -7.68731204e-16  2.12636463e-14 -3.41472012e-13
  3.52199767e-12 -2.43680537e-11  1.14648702e-10 -1.00000000e-01
  5.00000000e+00 -9.60285428e-10 -7.00000000e+02 -1.85271632e-10
  8.34173493e-12]
Исходные: y= [0.0, -6.9995, -27.99203, '...', -30148.79997, -30087.1, -30000.0]
Предсказание по 12-полиноминальной модели: y= [0.0, -6.9995, -27.99203, '...', -30148.79997, -30087.1, -30000.0]
Весовые коээфициенты (отрегуляризированные):
[-2.93170465e+02 -6.06471729e+01 -9.92440787e+01 -1.24848747e+02
 -1.06932459e+02 -1.98584077e+01  6.22666059e+01 -2.83034337e+01
  6.36956209e+00 -8.28126788e-01  6.33678427e-02 -2.65910680e-03
  4.73310356e-05]
